[5244505] 
[4842779] 
[4842779] 
[4842779] 
[4842779] 
[4842779] 
[4842779] 
[4842779] 
[4842779] 
[4842779] 
[4842779] 
[7724060] 
[7724060] 
[7724060] 
[7724060] 
[7724060] 
[7724060] 
[7724060] 
[7724060] 
[4842779] 
[4842779] 
[4842779] 
[7724060] 
[7724060] 
[7724060] 
[7724060] 
[7724060] 
[7724060] 
[7724060] 
[7724060] 
[6707583] 
[6757339] 
[711] 
[711] 
[5168414] 
[6755476] 
[7114258] 
[6803089] 
[7006843] 
[7138226] 
[6993997] 
[7047142] 
[7161627] 
[4701493] 
[5270044] 
[7502483] 
[6689550] 
[6721877] 
[5154713] 
[6979172] 
[5058757] 
[5176550] 
[7077952] 
[6719099] 
[6853381] 
[7004141] 
[7207146] 
[6986963] 
[7247625] 
[7502427] 
[7678336] 
[4868451] 
[5173773] 
[5254974] 
[5091727] 
[6799874] 
[6947367] 
[7471379] 
[5107083] 
[7200423] 
[4740679] 
[4930660] 
